01:22:45
2047,50321,4.07%,13.1
6171,50321,12.26%,6.43
5251,50321,10.44%,93.61
5285,50321,10.50%,96.5
5207,50321,10.35%,89.67
5245,50321,10.42%,86.05
5166,50321,10.27%,51.63
5091,50321,10.12%,18.93
5118,50321,10.17%,18.89
5101,50321,10.14%,19.16
5083,50321,10.10%,19.15
6398,50321,12.71%,6.37
6375,50321,12.67%,6.38
5809,50321,11.54%,52.92
6701,50321,13.32%,27.46
7910,50321,15.72%,21.24
8601,50321,17.09%,20.04
10116,50321,20.10%,17.12
11233,50321,22.32%,20.34
11584,50321,23.02%,19.7
11867,50321,23.58%,19.94
12123,50321,24.09%,19.03
14869,50321,29.55%,20.31
15230,50321,30.27%,21.18
15770,50321,31.34%,19.97
16319,50321,32.43%,21.84
16789,50321,33.36%,20.96
17551,50321,34.88%,22.6
17938,50321,35.65%,19.49
18583,50321,36.93%,22.92
19746,50321,39.24%,20.61
21862,50321,43.45%,20.38
22347,50321,44.41%,21.35
22622,50321,44.96%,21.34
22905,50321,45.52%,23
23060,50321,45.83%,20.13
23264,50321,46.23%,23.58
23366,50321,46.43%,21.42
23616,50321,46.93%,21.7
23883,50321,47.46%,21.7
23861,50321,47.42%,21.97
23966,50321,47.63%,21.64
24040,50321,47.77%,22.51
24224,50321,48.14%,20.58
24145,50321,47.98%,19.68
24261,50321,48.21%,21.37
24196,50321,48.08%,19.11
24200,50321,48.09%,20.18
24248,50321,48.19%,20.65
24295,50321,48.28%,20.06
24250,50321,48.19%,22.51
24329,50321,48.35%,20.33
24384,50321,48.46%,13.41
24358,50321,48.41%,22.45
24330,50321,48.35%,19.61
24471,50321,48.63%,22.44
24454,50321,48.60%,17.6
24465,50321,48.62%,14.71
24511,50321,48.71%,20.98
24448,50321,48.58%,20.28
24542,50321,48.77%,20.16
24425,50321,48.54%,21.13
24487,50321,48.66%,20.28
24432,50321,48.55%,20.32
24379,50321,48.45%,20.49
24528,50321,48.74%,20.62
24473,50321,48.63%,20.58
24472,50321,48.63%,17.85
24474,50321,48.64%,19.9
24511,50321,48.71%,20.79
24487,50321,48.66%,19.74
24461,50321,48.61%,19.07
24613,50321,48.91%,18.46
24572,50321,48.83%,20.47
24580,50321,48.85%,17.74
24599,50321,48.88%,21.61
24569,50321,48.82%,20.88
24569,50321,48.82%,18.89
24565,50321,48.82%,17.58
24611,50321,48.91%,18.6
24622,50321,48.93%,21.82
24571,50321,48.83%,21.25
24583,50321,48.85%,20.46
24632,50321,48.95%,18.36
24634,50321,48.95%,19.63
24635,50321,48.96%,18.05
24634,50321,48.95%,17.9
24622,50321,48.93%,21.95
24632,50321,48.95%,19.25
24641,50321,48.97%,18.25
24657,50321,49.00%,19.28
24646,50321,48.98%,17.67
24674,50321,49.03%,17.6
24679,50321,49.04%,18.3
24672,50321,49.03%,19.57
24708,50321,49.10%,17.68
24704,50321,49.09%,17.94
24707,50321,49.10%,18.29
24768,50321,49.22%,17.9
24743,50321,49.17%,18.57
24821,50321,49.33%,15.54
24924,50321,49.53%,20.6
24811,50321,49.31%,22.16
24880,50321,49.44%,20.18
24844,50321,49.37%,20.72
24888,50321,49.46%,13.98
24820,50321,49.32%,23.5
24840,50321,49.36%,21.94
25030,50321,49.74%,17.33
24840,50321,49.36%,20.63
24794,50321,49.27%,16.11
24974,50321,49.63%,19.6
24971,50321,49.62%,23.82
24824,50321,49.33%,16.15
24914,50321,49.51%,20.58
24921,50321,49.52%,16.51
24856,50321,49.39%,17.53
24988,50321,49.66%,19.71
24965,50321,49.61%,23.74
24894,50321,49.47%,20.95
24903,50321,49.49%,17
24990,50321,49.66%,16.57
25038,50321,49.76%,19.65
25081,50321,49.84%,20.36
24969,50321,49.62%,20.38
24979,50321,49.64%,14.38
25367,50321,50.41%,20.8
25066,50321,49.81%,21.89
25068,50321,49.82%,20.55
25078,50321,49.84%,22.13
25135,50321,49.95%,13.45
25110,50321,49.90%,20.65
25094,50321,49.87%,21.85
25069,50321,49.82%,19.06
25045,50321,49.77%,19.21
25015,50321,49.71%,15.37
25091,50321,49.86%,21.42
25094,50321,49.87%,17.65
25065,50321,49.81%,16.55
25111,50321,49.90%,16.77
25165,50321,50.01%,15.89
25126,50321,49.93%,19.2
25115,50321,49.91%,17.56
25214,50321,50.11%,17.84
25246,50321,50.17%,18.73
25205,50321,50.09%,13.2
25220,50321,50.12%,18.83
25164,50321,50.01%,19.37
25208,50321,50.09%,16.61
25407,50321,50.49%,17.14
25336,50321,50.35%,14.61
25347,50321,50.37%,16.87
25270,50321,50.22%,18.41
25371,50321,50.42%,22.61
25359,50321,50.39%,20.92
25371,50321,50.42%,16.06
25439,50321,50.55%,18.68
25415,50321,50.51%,19.57
25455,50321,50.59%,18.35
25432,50321,50.54%,18.68
25446,50321,50.57%,20.31
25471,50321,50.62%,21.07
25427,50321,50.53%,19.59
25533,50321,50.74%,18.44
25522,50321,50.72%,15.74
25721,50321,51.11%,17.51
29227,50321,58.08%,18.9
31254,50321,62.11%,19.3
32438,50321,64.46%,19.92
33162,50321,65.90%,16.26
33600,50321,66.77%,20.25
33816,50321,67.20%,21.42
34319,50321,68.20%,22.37
34377,50321,68.32%,22.73
34474,50321,68.51%,19.8
34665,50321,68.89%,22.48
34790,50321,69.14%,20.36
34800,50321,69.16%,20.79
34898,50321,69.35%,21.55
34794,50321,69.14%,20.62
34697,50321,68.95%,22.99
34915,50321,69.38%,21.57
34939,50321,69.43%,22.59
35084,50321,69.72%,21.34
35046,50321,69.64%,22.33
35028,50321,69.61%,20.79
35086,50321,69.72%,24.36
35034,50321,69.62%,19.41
34953,50321,69.46%,19.82
34993,50321,69.54%,18.77
35019,50321,69.59%,20.93
35069,50321,69.69%,21.43
35048,50321,69.65%,18.3
35032,50321,69.62%,19.56
35115,50321,69.78%,20.06
34978,50321,69.51%,21
35158,50321,69.87%,19.61
35163,50321,69.88%,20.1
35079,50321,69.71%,20.3
35212,50321,69.97%,19.07
35216,50321,69.98%,19.06
35075,50321,69.70%,17.64
35150,50321,69.85%,18.29
35118,50321,69.79%,17.74
35213,50321,69.98%,20.09
35194,50321,69.94%,20.21
35295,50321,70.14%,20.04
35276,50321,70.10%,17.89
35252,50321,70.05%,19.08
35280,50321,70.11%,19.9
35254,50321,70.06%,20.79
35250,50321,70.05%,18.65
35328,50321,70.21%,16.73
35249,50321,70.05%,19.61
35242,50321,70.03%,18.06
35316,50321,70.18%,18.57
35352,50321,70.25%,21.92
35325,50321,70.20%,18.64
35377,50321,70.30%,20.86
35350,50321,70.25%,17.71
35446,50321,70.44%,19.21
35325,50321,70.20%,18.73
35389,50321,70.33%,22.39
35356,50321,70.26%,20.35
35481,50321,70.51%,23.58
35416,50321,70.38%,13.73
35490,50321,70.53%,22.71
35439,50321,70.43%,18
35468,50321,70.48%,16.26
35532,50321,70.61%,22.13
35577,50321,70.70%,17.71
35545,50321,70.64%,17.21
35587,50321,70.72%,20.06
35582,50321,70.71%,19.81
35658,50321,70.86%,19.94
35663,50321,70.87%,18.68
35568,50321,70.68%,19.8
35720,50321,70.98%,22.38
35566,50321,70.68%,19.32
35603,50321,70.75%,23.69
35560,50321,70.67%,16.41
35637,50321,70.82%,20.4
35636,50321,70.82%,24.14
5927,50321,11.78%,22.9
5765,50321,11.46%,7.06
5705,50321,11.34%,6.95
5738,50321,11.40%,6.75
5691,50321,11.31%,7.12
5716,50321,11.36%,7.38
5695,50321,11.32%,7.12
5685,50321,11.30%,7.02
5665,50321,11.26%,8.12
5658,50321,11.24%,7.95
5638,50321,11.20%,9.36
3700,50321,7.35%,12.73
410,50321,0.81%,0.06
409,50321,0.81%,0
409,50321,0.81%,0.12
409,50321,0.81%,0.12
408,50321,0.81%,0.19
408,50321,0.81%,0
408,50321,0.81%,0.06
407,50321,0.81%,0
407,50321,0.81%,0
406,50321,0.81%,0
406,50321,0.81%,0
407,50321,0.81%,0.12
406,50321,0.81%,0
406,50321,0.81%,0.06
406,50321,0.81%,0.06
405,50321,0.80%,0.06
405,50321,0.80%,0
405,50321,0.80%,0
405,50321,0.80%,0
405,50321,0.80%,0
409,50321,0.81%,0
408,50321,0.81%,0.06
408,50321,0.81%,0
408,50321,0.81%,0.12
408,50321,0.81%,0.06
407,50321,0.81%,0
407,50321,0.81%,0
406,50321,0.81%,0
407,50321,0.81%,0
407,50321,0.81%,0.06
406,50321,0.81%,0.06
406,50321,0.81%,0.06
406,50321,0.81%,0.12
407,50321,0.81%,0
407,50321,0.81%,0
407,50321,0.81%,0
409,50321,0.81%,0.06
409,50321,0.81%,0
409,50321,0.81%,0.06
409,50321,0.81%,0
409,50321,0.81%,0
408,50321,0.81%,0
409,50321,0.81%,0.06
410,50321,0.81%,0.12
409,50321,0.81%,0.06
409,50321,0.81%,0.06
408,50321,0.81%,0.06
408,50321,0.81%,0.12
408,50321,0.81%,0
408,50321,0.81%,0.06
408,50321,0.81%,0
408,50321,0.81%,0.19
408,50321,0.81%,0
407,50321,0.81%,0.12
406,50321,0.81%,0
409,50321,0.81%,0.06
408,50321,0.81%,0
407,50321,0.81%,0
407,50321,0.81%,0
407,50321,0.81%,0.06
407,50321,0.81%,0.06
407,50321,0.81%,0
407,50321,0.81%,0.06
407,50321,0.81%,0
407,50321,0.81%,0.06
408,50321,0.81%,0.06
407,50321,0.81%,0.12
407,50321,0.81%,0
406,50321,0.81%,0.06
406,50321,0.81%,0
406,50321,0.81%,0.06
405,50321,0.80%,0.06
405,50321,0.80%,0.06
405,50321,0.80%,0
404,50321,0.80%,0.06
404,50321,0.80%,0
404,50321,0.80%,0.06
404,50321,0.80%,0.06
404,50321,0.80%,0.06
404,50321,0.80%,0.06
403,50321,0.80%,0.12
404,50321,0.80%,0.06
404,50321,0.80%,0.12
407,50321,0.81%,0.06
407,50321,0.81%,0
407,50321,0.81%,0.06
407,50321,0.81%,0.06
406,50321,0.81%,0
407,50321,0.81%,0.06
406,50321,0.81%,0
406,50321,0.81%,0
406,50321,0.81%,0.06
406,50321,0.81%,0.12
405,50321,0.80%,0.12
406,50321,0.81%,0.06
405,50321,0.80%,0
406,50321,0.81%,0
405,50321,0.80%,0
405,50321,0.80%,0
405,50321,0.80%,0.06
404,50321,0.80%,0.06
404,50321,0.80%,0.06
404,50321,0.80%,0.06
405,50321,0.80%,0
404,50321,0.80%,0.06
404,50321,0.80%,0.06
404,50321,0.80%,0.12
404,50321,0.80%,0
403,50321,0.80%,0.06
404,50321,0.80%,0
404,50321,0.80%,0.06
404,50321,0.80%,0
404,50321,0.80%,0
404,50321,0.80%,0.06
404,50321,0.80%,0
404,50321,0.80%,0.06
403,50321,0.80%,0
404,50321,0.80%,0.12
403,50321,0.80%,0
402,50321,0.80%,0.06
402,50321,0.80%,0
402,50321,0.80%,0.06
402,50321,0.80%,0.06
402,50321,0.80%,0.06
401,50321,0.80%,0
401,50321,0.80%,0.06
402,50321,0.80%,0.06
402,50321,0.80%,0
402,50321,0.80%,0.06
404,50321,0.80%,0.12
405,50321,0.80%,0.12
405,50321,0.80%,0
405,50321,0.80%,0.06
404,50321,0.80%,0
404,50321,0.80%,0.06
404,50321,0.80%,0
404,50321,0.80%,0.06
407,50321,0.81%,0
406,50321,0.81%,0.06
406,50321,0.81%,0
407,50321,0.81%,0.06
407,50321,0.81%,0.06
407,50321,0.81%,0.06
406,50321,0.81%,0.12
407,50321,0.81%,0.06
406,50321,0.81%,0.06
406,50321,0.81%,0
405,50321,0.80%,0.06
406,50321,0.81%,0
407,50321,0.81%,0
406,50321,0.81%,0
406,50321,0.81%,0
405,50321,0.80%,0
405,50321,0.80%,0.19
405,50321,0.80%,0
405,50321,0.80%,0
405,50321,0.80%,0.06
405,50321,0.80%,0.06
405,50321,0.80%,0.06
405,50321,0.80%,0
405,50321,0.80%,0.12
405,50321,0.80%,0
404,50321,0.80%,0.06
404,50321,0.80%,0
404,50321,0.80%,0.06
404,50321,0.80%,0
403,50321,0.80%,0.06
403,50321,0.80%,0.06
403,50321,0.80%,0.13
403,50321,0.80%,0.06
403,50321,0.80%,0.12
403,50321,0.80%,0
403,50321,0.80%,0.06
403,50321,0.80%,0.06
403,50321,0.80%,0.06
403,50321,0.80%,0.06
402,50321,0.80%,0.06
405,50321,0.80%,0.12
405,50321,0.80%,0.06
405,50321,0.80%,0.12
405,50321,0.80%,0
405,50321,0.80%,0.12
405,50321,0.80%,0.06
405,50321,0.80%,0
405,50321,0.80%,0
404,50321,0.80%,0.06
404,50321,0.80%,0.06
403,50321,0.80%,0.06
404,50321,0.80%,0.06
404,50321,0.80%,0.06
404,50321,0.80%,0.06
404,50321,0.80%,0
404,50321,0.80%,0.06
404,50321,0.80%,0.06
403,50321,0.80%,0
404,50321,0.80%,0
403,50321,0.80%,0
403,50321,0.80%,0
403,50321,0.80%,0.06
403,50321,0.80%,0
403,50321,0.80%,0.06
402,50321,0.80%,0
403,50321,0.80%,0
402,50321,0.80%,0
402,50321,0.80%,0.06
397,50321,0.79%,0.37
395,50321,0.78%,0.06
395,50321,0.78%,0
395,50321,0.78%,0
395,50321,0.78%,0.12
