23:57:29
2359,70481,3.35%23:58:52
4629,70481,6.57%,6.31
6346,70481,9.00%,6.42
5353,70481,7.59%,93.54
5317,70481,7.54%,95.12
5324,70481,7.55%,91.46
5318,70481,7.55%,85.45
5271,70481,7.48%,52.01
5175,70481,7.34%,19.06
5185,70481,7.36%,18.56
5199,70481,7.38%,18.88
5187,70481,7.36%,18.84
5171,70481,7.34%,6.57
6543,70481,9.28%,6.26
5883,70481,8.35%,29.25
6078,70481,8.62%,36.27
6060,70481,8.60%,36.86
6589,70481,9.35%,26.76
8228,70481,11.67%,20.7
8922,70481,12.66%,19.11
9649,70481,13.69%,18.24
10178,70481,14.44%,18.47
10451,70481,14.83%,18.37
13843,70481,19.64%,16.48
14405,70481,20.44%,18.34
14736,70481,20.91%,20.14
15033,70481,21.33%,20.54
15321,70481,21.74%,22.05
15448,70481,21.92%,21.63
15576,70481,22.10%,18.08
18334,70481,26.01%,19.85
19927,70481,28.27%,19.91
20306,70481,28.81%,21.25
20639,70481,29.28%,23.49
21166,70481,30.03%,21.81
21494,70481,30.50%,21.89
21848,70481,31.00%,22.12
22270,70481,31.60%,23.12
22424,70481,31.82%,24.17
23081,70481,32.75%,23.29
23817,70481,33.79%,20.69
24156,70481,34.27%,21.59
24678,70481,35.01%,21.65
25291,70481,35.88%,18.77
27747,70481,39.37%,19.8
30281,70481,42.96%,22.31
30382,70481,43.11%,16.77
30821,70481,43.73%,25.17
30971,70481,43.94%,23.6
31254,70481,44.34%,25.19
31629,70481,44.88%,22.22
31982,70481,45.38%,17.34
32033,70481,45.45%,22.53
32238,70481,45.74%,24.81
32527,70481,46.15%,22.73
32530,70481,46.15%,23.26
32598,70481,46.25%,23.56
32894,70481,46.67%,27.82
32783,70481,46.51%,25.66
33108,70481,46.97%,22.56
33104,70481,46.97%,20.78
33001,70481,46.82%,21.21
33038,70481,46.88%,20.79
33105,70481,46.97%,21.22
33233,70481,47.15%,22.65
33408,70481,47.40%,23.72
33291,70481,47.23%,22.27
33236,70481,47.16%,21.87
33365,70481,47.34%,23.53
33412,70481,47.41%,25
33395,70481,47.38%,24.28
33326,70481,47.28%,25.77
33373,70481,47.35%,25.13
33375,70481,47.35%,25.13
33492,70481,47.52%,26.77
33400,70481,47.39%,24.91
33551,70481,47.60%,23.84
33398,70481,47.39%,22.46
33539,70481,47.59%,19.84
33607,70481,47.68%,22.94
33648,70481,47.74%,21.79
33590,70481,47.66%,24.29
33605,70481,47.68%,23.13
33616,70481,47.70%,23.31
33594,70481,47.66%,23.44
33495,70481,47.52%,23.47
33579,70481,47.64%,24
33660,70481,47.76%,21.42
33565,70481,47.62%,22.34
33602,70481,47.68%,20.6
33591,70481,47.66%,22.49
33624,70481,47.71%,23.85
33603,70481,47.68%,24.87
33673,70481,47.78%,24.56
33688,70481,47.80%,19.81
33638,70481,47.73%,20.03
33642,70481,47.73%,22.55
33718,70481,47.84%,22.79
33748,70481,47.88%,19.67
33654,70481,47.75%,22.29
33740,70481,47.87%,22.09
33699,70481,47.81%,21.53
33613,70481,47.69%,16.74
33676,70481,47.78%,20.48
33721,70481,47.84%,19.7
33652,70481,47.75%,19.91
33674,70481,47.78%,20.15
33821,70481,47.99%,14.02
33830,70481,48.00%,22.42
33842,70481,48.02%,23.74
33855,70481,48.03%,23.61
33766,70481,47.91%,29.78
33744,70481,47.88%,19.74
33771,70481,47.92%,23.82
33814,70481,47.98%,24.13
33770,70481,47.91%,24.91
33825,70481,47.99%,21.31
33884,70481,48.08%,14.37
33915,70481,48.12%,23.62
33786,70481,47.94%,18.71
33904,70481,48.10%,23.04
33940,70481,48.15%,21.52
33879,70481,48.07%,18.18
33951,70481,48.17%,22.45
33943,70481,48.16%,23.59
33952,70481,48.17%,22.12
33961,70481,48.18%,25.93
33921,70481,48.13%,14.86
33926,70481,48.13%,23.33
33973,70481,48.20%,25.72
33929,70481,48.14%,20.24
34067,70481,48.34%,25.78
34012,70481,48.26%,21.55
33974,70481,48.20%,22.13
34033,70481,48.29%,22.88
33988,70481,48.22%,19.04
34010,70481,48.25%,23.53
34034,70481,48.29%,16.7
34082,70481,48.36%,17.68
34053,70481,48.32%,19.42
34022,70481,48.27%,21.39
33808,70481,47.97%,17.67
33980,70481,48.21%,17.25
34014,70481,48.26%,22.76
34147,70481,48.45%,26
33938,70481,48.15%,21.29
33903,70481,48.10%,21.32
33936,70481,48.15%,18.91
33976,70481,48.21%,20.31
33929,70481,48.14%,19.01
34065,70481,48.33%,23.9
33922,70481,48.13%,21.36
33988,70481,48.22%,15.4
34004,70481,48.25%,19.71
33973,70481,48.20%,23.13
34115,70481,48.40%,21.79
34161,70481,48.47%,21.77
34181,70481,48.50%,16.82
34282,70481,48.64%,20.95
34281,70481,48.64%,21.53
34216,70481,48.55%,23.03
34114,70481,48.40%,23.43
34188,70481,48.51%,19.01
34181,70481,48.50%,20.27
34180,70481,48.50%,20.72
34125,70481,48.42%,21.82
34252,70481,48.60%,24.37
34253,70481,48.60%,15.27
34217,70481,48.55%,17.77
34173,70481,48.49%,21.63
34166,70481,48.48%,21.16
34137,70481,48.43%,20.15
34421,70481,48.84%,18.84
34293,70481,48.66%,22.79
34362,70481,48.75%,21.35
34318,70481,48.69%,21.78
34374,70481,48.77%,22.73
34219,70481,48.55%,20.88
34316,70481,48.69%,20.68
34341,70481,48.72%,22.69
34277,70481,48.63%,23.57
34263,70481,48.61%,22.76
34287,70481,48.65%,20.34
34280,70481,48.64%,18.19
34345,70481,48.73%,21.4
34439,70481,48.86%,25.72
34365,70481,48.76%,21.63
34350,70481,48.74%,22.55
34450,70481,48.88%,20.58
34440,70481,48.86%,21
34378,70481,48.78%,20.14
34409,70481,48.82%,23.35
34401,70481,48.81%,22.7
34454,70481,48.88%,20.18
34448,70481,48.88%,22.26
34295,70481,48.66%,17.67
34624,70481,49.13%,18.07
34515,70481,48.97%,20.14
34467,70481,48.90%,19.9
34509,70481,48.96%,21.8
34571,70481,49.05%,20.93
34538,70481,49.00%,22.15
34390,70481,48.79%,19
34634,70481,49.14%,19.12
34578,70481,49.06%,22.77
34572,70481,49.05%,20.93
34555,70481,49.03%,19.56
34631,70481,49.14%,18.8
34565,70481,49.04%,20.63
34466,70481,48.90%,17.48
34637,70481,49.14%,18.95
34811,70481,49.39%,20.38
34821,70481,49.40%,21.17
34801,70481,49.38%,18.79
34711,70481,49.25%,18.6
34644,70481,49.15%,23.37
34649,70481,49.16%,20.24
34772,70481,49.34%,23.53
34778,70481,49.34%,22.48
34775,70481,49.34%,23.58
34687,70481,49.21%,20.16
34771,70481,49.33%,22.31
34733,70481,49.28%,21
34864,70481,49.47%,22.37
34867,70481,49.47%,12.71
35114,70481,49.82%,20.1
34867,70481,49.47%,19.99
34930,70481,49.56%,23.67
35180,70481,49.91%,22.8
35251,70481,50.01%,17.63
35491,70481,50.36%,23.09
35572,70481,50.47%,21.67
35888,70481,50.92%,19.54
36099,70481,51.22%,21.8
36010,70481,51.09%,21.8
36180,70481,51.33%,21.37
36072,70481,51.18%,15.72
36228,70481,51.40%,16.06
38719,70481,54.94%,17.68
42332,70481,60.06%,21.08
43752,70481,62.08%,21.33
44856,70481,63.64%,21.03
45901,70481,65.13%,18.79
46518,70481,66.00%,20.21
47171,70481,66.93%,22.53
47380,70481,67.22%,22.76
47987,70481,68.09%,25.42
47962,70481,68.05%,23.31
48102,70481,68.25%,21.03
48260,70481,68.47%,25.81
48460,70481,68.76%,22.12
48372,70481,68.63%,24.4
48430,70481,68.71%,23.1
48525,70481,68.85%,20.06
48728,70481,69.14%,22.52
48717,70481,69.12%,20.78
48756,70481,69.18%,25.14
48798,70481,69.24%,22.25
48825,70481,69.27%,19.76
48952,70481,69.45%,21.94
48978,70481,69.49%,20.6
49117,70481,69.69%,21.62
49123,70481,69.70%,22.53
48981,70481,69.50%,22.07
49150,70481,69.74%,21.96
49213,70481,69.82%,21.94
49343,70481,70.01%,20.89
49405,70481,70.10%,22.18
49349,70481,70.02%,19.64
49194,70481,69.80%,22.84
49334,70481,70.00%,22.05
49186,70481,69.79%,22.8
49318,70481,69.97%,24.2
49350,70481,70.02%,21.02
49336,70481,70.00%,21.87
49381,70481,70.06%,23.03
49284,70481,69.93%,21.3
49298,70481,69.95%,21.18
49483,70481,70.21%,21.1
49496,70481,70.23%,23.32
49479,70481,70.20%,14.85
49491,70481,70.22%,22.62
49473,70481,70.19%,22.96
49384,70481,70.07%,24.42
49529,70481,70.27%,22.87
49672,70481,70.48%,16.98
49561,70481,70.32%,21.85
49446,70481,70.16%,23.56
49570,70481,70.33%,22.43
49627,70481,70.41%,22.67
49352,70481,70.02%,21.27
49617,70481,70.40%,24.37
49482,70481,70.21%,21.42
49559,70481,70.32%,22.03
49699,70481,70.51%,21.44
49747,70481,70.58%,22.1
49562,70481,70.32%,19.03
49635,70481,70.42%,19.81
49655,70481,70.45%,19.58
49567,70481,70.33%,19.97
49589,70481,70.36%,19.25
49673,70481,70.48%,20.28
49527,70481,70.27%,19.7
49540,70481,70.29%,20.35
49690,70481,70.50%,20.12
49583,70481,70.35%,19.12
49689,70481,70.50%,19.2
49777,70481,70.62%,19.46
49847,70481,70.72%,22.99
49906,70481,70.81%,19.07
49665,70481,70.47%,17.7
49693,70481,70.51%,19.31
49872,70481,70.76%,17.76
49760,70481,70.60%,21.42
49742,70481,70.58%,19.36
49870,70481,70.76%,20.84
49759,70481,70.60%,18.96
49692,70481,70.50%,16.38
49781,70481,70.63%,18.86
49914,70481,70.82%,18.27
49783,70481,70.63%,18.95
49818,70481,70.68%,17.3
49871,70481,70.76%,19.42
49947,70481,70.87%,20.66
49809,70481,70.67%,19.67
49813,70481,70.68%,18.23
49777,70481,70.62%,16.8
49935,70481,70.85%,19.23
49933,70481,70.85%,20.02
50004,70481,70.95%,19.39
49902,70481,70.80%,17.99
49924,70481,70.83%,20.14
49987,70481,70.92%,18.71
50005,70481,70.95%,19.12
49885,70481,70.78%,17.83
49999,70481,70.94%,18.12
50022,70481,70.97%,18.04
49983,70481,70.92%,18.32
49989,70481,70.93%,19.84
50020,70481,70.97%,18.42
50038,70481,71.00%,20.83
49926,70481,70.84%,13.76
50026,70481,70.98%,19.25
49965,70481,70.89%,18.32
50029,70481,70.98%,19.86
50064,70481,71.03%,18.09
50086,70481,71.06%,18.3
50042,70481,71.00%,17.96
50037,70481,70.99%,17.33
50313,70481,71.39%,18.63
50112,70481,71.10%,19.15
50010,70481,70.96%,18.26
50187,70481,71.21%,19.03
50062,70481,71.03%,19.76
50142,70481,71.14%,19.33
50009,70481,70.95%,16.69
50175,70481,71.19%,18.11
50189,70481,71.21%,19.74
50274,70481,71.33%,20.24
50255,70481,71.30%,20.34
50175,70481,71.19%,20.85
50194,70481,71.22%,21.46
50064,70481,71.03%,17.17
50135,70481,71.13%,18.24
50151,70481,71.16%,19.35
50177,70481,71.19%,20.65
50057,70481,71.02%,16.87
50167,70481,71.18%,18.85
50162,70481,71.17%,21.94
6580,70481,9.34%,6.57
6555,70481,9.30%,7.05
6577,70481,9.33%,6.69
6097,70481,8.65%,6.64
6126,70481,8.69%,6.62
6118,70481,8.68%,6.69
6132,70481,8.70%,6.98
6143,70481,8.72%,6.81
6091,70481,8.64%,7
6157,70481,8.74%,6.88
6111,70481,8.67%,6.44
6071,70481,8.61%,6.63
6067,70481,8.61%,6.57
6214,70481,8.82%,6.7
6160,70481,8.74%,6.74
6080,70481,8.63%,6.74
6074,70481,8.62%,6.51
6071,70481,8.61%,6.62
6118,70481,8.68%,6.63
6080,70481,8.63%,6.75
6099,70481,8.65%,6.69
6114,70481,8.67%,6.69
6112,70481,8.67%,6.63
6068,70481,8.61%,6.69
6138,70481,8.71%,6.69
6087,70481,8.64%,6.57
6068,70481,8.61%,6.93
6106,70481,8.66%,6.76
6085,70481,8.63%,6.75
6073,70481,8.62%,7
6073,70481,8.62%,7.11
6076,70481,8.62%,6.75
6052,70481,8.59%,6.7
6065,70481,8.61%,6.69
6058,70481,8.60%,6.82
6077,70481,8.62%,6.88
6072,70481,8.62%,7.75
6046,70481,8.58%,8.68
3808,70481,5.40%,12.62
511,70481,0.73%,0
509,70481,0.72%,0
509,70481,0.72%,0
509,70481,0.72%,0.06
508,70481,0.72%,0.06
507,70481,0.72%,0.06
509,70481,0.72%,0.06
508,70481,0.72%,0.12
508,70481,0.72%,0
508,70481,0.72%,0
507,70481,0.72%,0
507,70481,0.72%,0.12
507,70481,0.72%,0.06
507,70481,0.72%,0.12
507,70481,0.72%,0.06
506,70481,0.72%,0
506,70481,0.72%,0.06
505,70481,0.72%,0
506,70481,0.72%,0.12
506,70481,0.72%,0
506,70481,0.72%,0.12
506,70481,0.72%,0
506,70481,0.72%,0.06
506,70481,0.72%,0
506,70481,0.72%,0.19
506,70481,0.72%,0
505,70481,0.72%,0.19
505,70481,0.72%,0.06
506,70481,0.72%,0.12
505,70481,0.72%,0
505,70481,0.72%,0.06
505,70481,0.72%,0.06
505,70481,0.72%,0
504,70481,0.72%,0
504,70481,0.72%,0.06
504,70481,0.72%,0.06
504,70481,0.72%,0.12
505,70481,0.72%,0.06
504,70481,0.72%,0.12
504,70481,0.72%,0.12
503,70481,0.71%,0.12
503,70481,0.71%,0
504,70481,0.72%,0.06
503,70481,0.71%,0.12
503,70481,0.71%,0.06
504,70481,0.72%,0
503,70481,0.71%,0.06
504,70481,0.72%,0.12
503,70481,0.71%,0.06
503,70481,0.71%,0.12
502,70481,0.71%,0.06
503,70481,0.71%,0.06
503,70481,0.71%,0
502,70481,0.71%,0.06
505,70481,0.72%,0.06
504,70481,0.72%,0
504,70481,0.72%,0
504,70481,0.72%,0.06
504,70481,0.72%,0.06
504,70481,0.72%,0.06
504,70481,0.72%,0.06
504,70481,0.72%,0.19
505,70481,0.72%,0.06
504,70481,0.72%,0.06
504,70481,0.72%,0.06
504,70481,0.72%,0
504,70481,0.72%,0.12
504,70481,0.72%,0
504,70481,0.72%,0.06
504,70481,0.72%,0
505,70481,0.72%,0.06
504,70481,0.72%,0
504,70481,0.72%,0
503,70481,0.71%,0.06
503,70481,0.71%,0.12
503,70481,0.71%,0.06
502,70481,0.71%,0
502,70481,0.71%,0.19
503,70481,0.71%,0
503,70481,0.71%,0
503,70481,0.71%,0
