02:06:43
3435,87617,3.92%,17.71
6165,87617,7.04%,6.37
5376,87617,6.14%,93.9
5312,87617,6.06%,97.99
5333,87617,6.09%,92.94
5334,87617,6.09%,92.92
5321,87617,6.07%,87.8
5299,87617,6.05%,64.74
5255,87617,6.00%,31.65
5191,87617,5.92%,20.97
5188,87617,5.92%,19.81
5188,87617,5.92%,20.1
5188,87617,5.92%,18.79
5193,87617,5.93%,19.71
5177,87617,5.91%,13.59
6449,87617,7.36%,6.49
6452,87617,7.36%,6.26
6062,87617,6.92%,18.84
6357,87617,7.26%,27.73
6360,87617,7.26%,34.15
6372,87617,7.27%,36.31
6365,87617,7.26%,48.61
6412,87617,7.32%,24.32
6589,87617,7.52%,26.94
7088,87617,8.09%,31.38
8627,87617,9.85%,27.05
8955,87617,10.22%,25.79
9105,87617,10.39%,25.35
9368,87617,10.69%,26.14
10715,87617,12.23%,26.04
10916,87617,12.46%,26.01
11384,87617,12.99%,26.35
11853,87617,13.53%,26.12
12272,87617,14.01%,26.93
12912,87617,14.74%,23.83
16246,87617,18.54%,21.39
17056,87617,19.47%,26.06
17407,87617,19.87%,25.08
17447,87617,19.91%,28.55
17689,87617,20.19%,27.31
17838,87617,20.36%,25.86
18074,87617,20.63%,28.9
18146,87617,20.71%,28.89
18401,87617,21.00%,27.09
18632,87617,21.27%,27.02
18716,87617,21.36%,30.02
18838,87617,21.50%,29.28
18873,87617,21.54%,29.26
19010,87617,21.70%,29.59
20700,87617,23.63%,26.35
22820,87617,26.05%,27.36
24699,87617,28.19%,27.87
25017,87617,28.55%,25.21
25187,87617,28.75%,27.81
25378,87617,28.96%,28.31
25564,87617,29.18%,30.41
25660,87617,29.29%,28.97
25846,87617,29.50%,27.91
26055,87617,29.74%,26.71
26358,87617,30.08%,27.76
26452,87617,30.19%,26.24
26484,87617,30.23%,29.28
26908,87617,30.71%,32.42
27375,87617,31.24%,30.34
27915,87617,31.86%,28.82
28035,87617,32.00%,28.47
28307,87617,32.31%,28.64
28529,87617,32.56%,28.13
28834,87617,32.91%,19.55
29273,87617,33.41%,28.69
29489,87617,33.66%,28.69
29766,87617,33.97%,28.58
30265,87617,34.54%,29.65
30516,87617,34.83%,20.76
30738,87617,35.08%,30.7
30983,87617,35.36%,27.95
32002,87617,36.52%,27.28
34012,87617,38.82%,27.57
36316,87617,41.45%,26.16
38228,87617,43.63%,26.94
38586,87617,44.04%,26.77
38900,87617,44.40%,28.62
39275,87617,44.83%,28.2
39425,87617,45.00%,29.89
39718,87617,45.33%,29.35
39973,87617,45.62%,30.46
40148,87617,45.82%,29.21
40215,87617,45.90%,31.08
40404,87617,46.11%,27.38
40675,87617,46.42%,30.77
40979,87617,46.77%,37.08
41291,87617,47.13%,29.95
41395,87617,47.25%,28.42
41294,87617,47.13%,28.31
41625,87617,47.51%,27.34
41652,87617,47.54%,25.06
41667,87617,47.56%,28.97
41948,87617,47.88%,25.78
41924,87617,47.85%,30.53
41944,87617,47.87%,31.09
42047,87617,47.99%,30.18
42079,87617,48.03%,24.28
42323,87617,48.30%,30.03
42172,87617,48.13%,30.53
42421,87617,48.42%,28.58
42501,87617,48.51%,28.99
42336,87617,48.32%,28.69
42292,87617,48.27%,31.04
42579,87617,48.60%,24.15
42379,87617,48.37%,32.18
42378,87617,48.37%,30.15
42585,87617,48.60%,27.51
42424,87617,48.42%,25.42
42470,87617,48.47%,26.91
42432,87617,48.43%,28.23
42591,87617,48.61%,25.39
42554,87617,48.57%,29.1
42541,87617,48.55%,26.08
42714,87617,48.75%,28.69
42861,87617,48.92%,16.22
42764,87617,48.81%,28.95
42890,87617,48.95%,27.37
42781,87617,48.83%,31.03
42747,87617,48.79%,29.85
42685,87617,48.72%,19.41
42706,87617,48.74%,30.96
42810,87617,48.86%,27.48
42703,87617,48.74%,28.45
42743,87617,48.78%,30.86
42946,87617,49.02%,28.88
42821,87617,48.87%,30.71
42884,87617,48.94%,23.58
42983,87617,49.06%,30.09
42954,87617,49.02%,25.91
42936,87617,49.00%,30.37
42888,87617,48.95%,29.87
42960,87617,49.03%,28.66
43033,87617,49.11%,25.88
42788,87617,48.84%,29.49
42702,87617,48.74%,27.09
42884,87617,48.94%,28.25
42788,87617,48.84%,28.92
42916,87617,48.98%,28.56
43011,87617,49.09%,31.21
42806,87617,48.86%,30.27
42761,87617,48.80%,29.72
42852,87617,48.91%,28.33
42788,87617,48.84%,28.28
42893,87617,48.96%,29.3
42881,87617,48.94%,28.41
42896,87617,48.96%,29.11
42844,87617,48.90%,28.6
42899,87617,48.96%,23.94
42965,87617,49.04%,28.39
43068,87617,49.15%,29.17
43029,87617,49.11%,30.58
43280,87617,49.40%,27.4
43032,87617,49.11%,26.99
43310,87617,49.43%,29.77
43240,87617,49.35%,26.88
43256,87617,49.37%,29.44
43300,87617,49.42%,25.67
43446,87617,49.59%,26.14
43127,87617,49.22%,31.06
43220,87617,49.33%,27.99
43261,87617,49.38%,30.56
43258,87617,49.37%,27.02
43260,87617,49.37%,28.4
43230,87617,49.34%,29.45
43256,87617,49.37%,26.21
43243,87617,49.35%,20.71
43266,87617,49.38%,27.07
43139,87617,49.24%,28.68
43262,87617,49.38%,27.35
43129,87617,49.22%,27.9
43225,87617,49.33%,16.46
43296,87617,49.42%,28.78
43304,87617,49.42%,28.84
43338,87617,49.46%,25.23
43304,87617,49.42%,27.45
43157,87617,49.26%,27.73
43229,87617,49.34%,27.73
43278,87617,49.39%,26.58
43253,87617,49.37%,29.98
43130,87617,49.23%,27.51
43302,87617,49.42%,30.15
43314,87617,49.44%,27.1
43309,87617,49.43%,27.27
43382,87617,49.51%,26.8
43322,87617,49.44%,28.1
43496,87617,49.64%,28.43
43427,87617,49.56%,27.7
43332,87617,49.46%,25.24
43556,87617,49.71%,27.08
43458,87617,49.60%,29.09
43514,87617,49.66%,27.59
43612,87617,49.78%,26.52
43378,87617,49.51%,26.25
43411,87617,49.55%,30.27
43341,87617,49.47%,25.64
43372,87617,49.50%,28.86
43409,87617,49.54%,27.7
43542,87617,49.70%,28.32
43580,87617,49.74%,29.15
43426,87617,49.56%,26.72
43431,87617,49.57%,31.28
43545,87617,49.70%,28.13
43416,87617,49.55%,26.69
43459,87617,49.60%,27.5
43385,87617,49.52%,22.74
43448,87617,49.59%,26.63
43700,87617,49.88%,28.24
43594,87617,49.76%,27.1
43574,87617,49.73%,26.91
43641,87617,49.81%,25.79
43479,87617,49.62%,27.78
43530,87617,49.68%,28.74
43566,87617,49.72%,28.05
43583,87617,49.74%,29.44
43638,87617,49.81%,27.9
43504,87617,49.65%,26.88
43486,87617,49.63%,30
43448,87617,49.59%,27.53
43483,87617,49.63%,27.54
43564,87617,49.72%,30.4
43565,87617,49.72%,21.67
43550,87617,49.70%,23.27
43566,87617,49.72%,27.13
43630,87617,49.80%,28.75
43536,87617,49.69%,27.34
43492,87617,49.64%,20.21
43694,87617,49.87%,26.4
43381,87617,49.51%,26.65
43363,87617,49.49%,28.41
43407,87617,49.54%,27.18
43467,87617,49.61%,20.75
43518,87617,49.67%,27.28
43567,87617,49.72%,28.83
43588,87617,49.75%,17.3
43559,87617,49.72%,29.71
43383,87617,49.51%,24.56
43404,87617,49.54%,32.22
43453,87617,49.59%,26.03
43337,87617,49.46%,24.86
43332,87617,49.46%,22.83
43520,87617,49.67%,20.2
43527,87617,49.68%,28.41
43571,87617,49.73%,26.6
43501,87617,49.65%,24.92
43664,87617,49.84%,28.29
43500,87617,49.65%,28.79
43561,87617,49.72%,28.29
43479,87617,49.62%,28.88
43541,87617,49.69%,27.71
43576,87617,49.73%,28.48
43483,87617,49.63%,26.5
43580,87617,49.74%,25.69
43454,87617,49.60%,27.82
43523,87617,49.67%,25.52
43624,87617,49.79%,27.55
43570,87617,49.73%,31.97
43536,87617,49.69%,27.1
43575,87617,49.73%,26.71
43595,87617,49.76%,26.19
43437,87617,49.58%,31.41
43546,87617,49.70%,26.08
43543,87617,49.70%,28.54
43495,87617,49.64%,27.51
43652,87617,49.82%,25.8
43528,87617,49.68%,25.4
43477,87617,49.62%,23.96
43617,87617,49.78%,23.59
43741,87617,49.92%,24.7
43677,87617,49.85%,24.95
43643,87617,49.81%,26.74
43643,87617,49.81%,28.15
43591,87617,49.75%,27.48
43614,87617,49.78%,20.64
43642,87617,49.81%,28.69
43627,87617,49.79%,26.63
43590,87617,49.75%,25.46
43663,87617,49.83%,25.74
43643,87617,49.81%,18.59
43836,87617,50.03%,26.71
43699,87617,49.88%,26.82
43734,87617,49.91%,25.55
43627,87617,49.79%,25.23
43672,87617,49.84%,27.93
43653,87617,49.82%,27.03
43568,87617,49.73%,27.07
43774,87617,49.96%,27.16
43749,87617,49.93%,28.07
43736,87617,49.92%,25.05
43607,87617,49.77%,22.97
43792,87617,49.98%,26.39
44057,87617,50.28%,23.61
43921,87617,50.13%,27.76
43974,87617,50.19%,27.92
43978,87617,50.19%,28.91
44004,87617,50.22%,29.48
43823,87617,50.02%,26.69
43871,87617,50.07%,26.16
43878,87617,50.08%,27.99
43985,87617,50.20%,30.02
43938,87617,50.15%,26.65
43955,87617,50.17%,29.43
43976,87617,50.19%,26.63
44034,87617,50.26%,28.99
43897,87617,50.10%,28.15
43877,87617,50.08%,25.76
44040,87617,50.26%,25.94
44132,87617,50.37%,25.55
44099,87617,50.33%,27.64
44125,87617,50.36%,25.7
43993,87617,50.21%,25.86
44005,87617,50.22%,27.45
44236,87617,50.49%,27.31
44095,87617,50.33%,29.51
44081,87617,50.31%,26.41
44128,87617,50.36%,28.72
43980,87617,50.20%,28.62
44019,87617,50.24%,26.5
44203,87617,50.45%,28.84
44054,87617,50.28%,27.11
44058,87617,50.28%,25.41
44003,87617,50.22%,28.82
44081,87617,50.31%,23.47
44183,87617,50.43%,26.04
44420,87617,50.70%,18.93
44337,87617,50.60%,25.38
44334,87617,50.60%,29.16
44151,87617,50.39%,28.45
44215,87617,50.46%,25.74
44407,87617,50.68%,16.46
44351,87617,50.62%,27.85
44222,87617,50.47%,25.81
44286,87617,50.54%,30.45
44287,87617,50.55%,27.33
44239,87617,50.49%,30.19
44388,87617,50.66%,29.76
44352,87617,50.62%,28.03
44279,87617,50.54%,27.07
44428,87617,50.71%,28.92
44126,87617,50.36%,24.24
44105,87617,50.34%,26.36
44291,87617,50.55%,24.13
44437,87617,50.72%,28.32
44305,87617,50.57%,26.68
44376,87617,50.65%,26.14
44419,87617,50.70%,26.72
44305,87617,50.57%,27.16
44270,87617,50.53%,27.46
44310,87617,50.57%,26.28
44293,87617,50.55%,26.18
44336,87617,50.60%,27.05
44285,87617,50.54%,26.5
44217,87617,50.47%,25.43
44545,87617,50.84%,27.43
44391,87617,50.66%,26.22
44283,87617,50.54%,23.29
44442,87617,50.72%,23.13
44593,87617,50.90%,25.25
44445,87617,50.73%,23.31
44524,87617,50.82%,25.94
44398,87617,50.67%,27.28
44546,87617,50.84%,23.08
44555,87617,50.85%,26.79
44344,87617,50.61%,23.34
44353,87617,50.62%,24.75
44477,87617,50.76%,25.83
44410,87617,50.69%,27.18
44348,87617,50.62%,27.95
44776,87617,51.10%,27.14
44067,87617,50.30%,26.46
44192,87617,50.44%,24.94
44158,87617,50.40%,25.56
44224,87617,50.47%,25.82
44297,87617,50.56%,24.86
44412,87617,50.69%,26.73
44401,87617,50.68%,19.85
44447,87617,50.73%,26.11
44472,87617,50.76%,27.87
44476,87617,50.76%,26.89
44486,87617,50.77%,25.18
44205,87617,50.45%,20.56
44190,87617,50.44%,25.39
44185,87617,50.43%,25.25
44162,87617,50.40%,28.49
44053,87617,50.28%,24.77
44042,87617,50.27%,26
44088,87617,50.32%,25.8
44748,87617,51.07%,23.75
44116,87617,50.35%,24.12
44301,87617,50.56%,23.93
44302,87617,50.56%,27.49
44327,87617,50.59%,27.49
44253,87617,50.51%,28.33
44156,87617,50.40%,28.33
44215,87617,50.46%,26.07
44188,87617,50.43%,24.65
44293,87617,50.55%,25.28
44306,87617,50.57%,28.72
44236,87617,50.49%,24.36
44231,87617,50.48%,25.76
44035,87617,50.26%,24.65
44157,87617,50.40%,24.24
44317,87617,50.58%,23.43
44171,87617,50.41%,25.47
44289,87617,50.55%,26
44251,87617,50.51%,25.77
44320,87617,50.58%,27.38
44254,87617,50.51%,26.74
44212,87617,50.46%,24.72
44205,87617,50.45%,25.62
44352,87617,50.62%,25.64
44321,87617,50.58%,26.49
44177,87617,50.42%,25.88
44133,87617,50.37%,26.38
44264,87617,50.52%,23.86
45006,87617,51.37%,23.33
44897,87617,51.24%,24.31
44394,87617,50.67%,24.81
44226,87617,50.48%,25.03
44258,87617,50.51%,25.91
44393,87617,50.67%,24.95
44392,87617,50.67%,25.92
44336,87617,50.60%,26.98
44382,87617,50.65%,27.39
44398,87617,50.67%,25.39
44419,87617,50.70%,25
44380,87617,50.65%,25.82
44383,87617,50.66%,26.53
44147,87617,50.39%,21.58
44355,87617,50.62%,22.56
44424,87617,50.70%,29.15
44421,87617,50.70%,16.42
44477,87617,50.76%,27.66
44396,87617,50.67%,26.17
44432,87617,50.71%,25.75
44472,87617,50.76%,24.15
44525,87617,50.82%,27.4
44409,87617,50.69%,25.06
44436,87617,50.72%,25.02
44387,87617,50.66%,24.67
44464,87617,50.75%,25.82
44393,87617,50.67%,26.55
44372,87617,50.64%,25.03
44428,87617,50.71%,24.43
44347,87617,50.61%,21.62
44425,87617,50.70%,25.34
44917,87617,51.27%,25.55
44694,87617,51.01%,27.02
44598,87617,50.90%,26.72
44762,87617,51.09%,28.04
44833,87617,51.17%,26.84
44704,87617,51.02%,26.35
44759,87617,51.08%,27.81
44801,87617,51.13%,29.66
44564,87617,50.86%,25.25
44573,87617,50.87%,25.94
44788,87617,51.12%,28.13
44841,87617,51.18%,28.51
44907,87617,51.25%,26.19
44500,87617,50.79%,27.89
44594,87617,50.90%,32.39
44694,87617,51.01%,28.2
44841,87617,51.18%,31.66
44856,87617,51.20%,26.73
44541,87617,50.84%,26.68
44702,87617,51.02%,26.67
44775,87617,51.10%,29.5
44729,87617,51.05%,26.87
44670,87617,50.98%,24.24
44665,87617,50.98%,25.6
44625,87617,50.93%,24.2
44712,87617,51.03%,26.68
44891,87617,51.24%,26.93
45075,87617,51.45%,33.75
44864,87617,51.20%,24.79
45037,87617,51.40%,26.98
44839,87617,51.18%,24.08
45004,87617,51.36%,25.73
44924,87617,51.27%,26.91
44806,87617,51.14%,29.37
45009,87617,51.37%,27.57
45086,87617,51.46%,25.6
44785,87617,51.11%,24.63
44818,87617,51.15%,28.78
44721,87617,51.04%,27.32
44678,87617,50.99%,27.63
44973,87617,51.33%,26.55
44794,87617,51.12%,23.97
44910,87617,51.26%,29.16
44717,87617,51.04%,25.58
44920,87617,51.27%,27.24
44935,87617,51.29%,27.53
44880,87617,51.22%,19.77
44932,87617,51.28%,24.11
44909,87617,51.26%,24.89
44756,87617,51.08%,22.33
44833,87617,51.17%,22.11
45662,87617,52.12%,20.18
48160,87617,54.97%,23.95
51062,87617,58.28%,24.17
53955,87617,61.58%,27.59
55166,87617,62.96%,27.11
55680,87617,63.55%,18.41
56448,87617,64.43%,25.49
57299,87617,65.40%,29.58
58099,87617,66.31%,28.3
58592,87617,66.87%,27.92
59238,87617,67.61%,18.83
59193,87617,67.56%,29
59624,87617,68.05%,27.51
60296,87617,68.82%,29.77
60399,87617,68.94%,30.73
60573,87617,69.13%,24.83
61020,87617,69.64%,31.69
61136,87617,69.78%,30.09
61387,87617,70.06%,35.96
61688,87617,70.41%,25.55
61831,87617,70.57%,25.5
61994,87617,70.76%,34.23
62131,87617,70.91%,29.2
62046,87617,70.82%,32.25
62246,87617,71.04%,29.66
62456,87617,71.28%,25.59
62412,87617,71.23%,28.63
62298,87617,71.10%,29.72
62420,87617,71.24%,28.79
62606,87617,71.45%,31.43
62582,87617,71.43%,29.38
62635,87617,71.49%,33.13
62776,87617,71.65%,28.77
62680,87617,71.54%,28.98
62703,87617,71.56%,28.39
62802,87617,71.68%,27.99
62818,87617,71.70%,23.42
62617,87617,71.47%,29.49
62808,87617,71.68%,25.23
62882,87617,71.77%,25.41
63235,87617,72.17%,26.6
63040,87617,71.95%,17.34
62970,87617,71.87%,27.38
62888,87617,71.78%,29.11
63378,87617,72.34%,27.55
63244,87617,72.18%,28.36
63275,87617,72.22%,27.31
63101,87617,72.02%,25.74
63175,87617,72.10%,27.61
63144,87617,72.07%,24.06
63264,87617,72.21%,25.83
63453,87617,72.42%,27.81
63061,87617,71.97%,25.64
63168,87617,72.10%,25.26
63365,87617,72.32%,24.98
62935,87617,71.83%,31.81
63347,87617,72.30%,28.59
63074,87617,71.99%,26.55
63254,87617,72.19%,25.37
63088,87617,72.00%,28.4
63229,87617,72.17%,29.48
63308,87617,72.26%,29.44
63219,87617,72.15%,25.79
63357,87617,72.31%,27.6
63434,87617,72.40%,30.31
63387,87617,72.35%,25.97
63151,87617,72.08%,27.47
63439,87617,72.40%,25.81
63137,87617,72.06%,26.36
63258,87617,72.20%,23.77
63447,87617,72.41%,26.68
63370,87617,72.33%,30.18
63550,87617,72.53%,26.04
63950,87617,72.99%,25.35
63637,87617,72.63%,26.47
63430,87617,72.39%,29.03
63608,87617,72.60%,27.26
63535,87617,72.51%,22.59
63763,87617,72.77%,28.4
63721,87617,72.73%,31.96
63619,87617,72.61%,26.52
63348,87617,72.30%,29.18
63581,87617,72.57%,27.11
63699,87617,72.70%,28.23
63454,87617,72.42%,27.43
63566,87617,72.55%,27.91
63726,87617,72.73%,28.94
63831,87617,72.85%,18.33
63728,87617,72.73%,28.63
63849,87617,72.87%,27.67
63810,87617,72.83%,26.75
63752,87617,72.76%,30.36
63512,87617,72.49%,22.52
63480,87617,72.45%,26.3
63697,87617,72.70%,28.03
63948,87617,72.99%,31.43
63640,87617,72.63%,26.3
63556,87617,72.54%,26.81
63602,87617,72.59%,24.7
63755,87617,72.77%,28.71
63657,87617,72.65%,26.47
63658,87617,72.65%,29.41
63516,87617,72.49%,24.28
63814,87617,72.83%,25.56
63677,87617,72.68%,24.67
63778,87617,72.79%,25.9
63753,87617,72.76%,25
63796,87617,72.81%,27.04
63807,87617,72.82%,26.11
63769,87617,72.78%,26.52
63668,87617,72.67%,26.72
63832,87617,72.85%,23.97
63791,87617,72.81%,24.94
63713,87617,72.72%,24.66
63583,87617,72.57%,23.98
63741,87617,72.75%,25.5
63603,87617,72.59%,25.17
63863,87617,72.89%,27.75
63863,87617,72.89%,25.38
63837,87617,72.86%,23.68
63671,87617,72.67%,27.55
63775,87617,72.79%,29.1
63875,87617,72.90%,24.2
63901,87617,72.93%,26.18
63566,87617,72.55%,22
63636,87617,72.63%,24.23
63816,87617,72.84%,24.81
63622,87617,72.61%,26.53
63559,87617,72.54%,22.03
63907,87617,72.94%,25.29
63972,87617,73.01%,22.58
64049,87617,73.10%,23.43
64086,87617,73.14%,25.08
63846,87617,72.87%,24.51
63734,87617,72.74%,24.48
63770,87617,72.78%,25.05
63963,87617,73.00%,21.4
64017,87617,73.06%,24.86
63809,87617,72.83%,17.63
63982,87617,73.02%,25.06
63876,87617,72.90%,25.75
63925,87617,72.96%,26.92
64027,87617,73.08%,24.59
63846,87617,72.87%,19.42
63904,87617,72.94%,23.53
63978,87617,73.02%,26.24
63940,87617,72.98%,24.22
64045,87617,73.10%,24.92
63732,87617,72.74%,24.1
63834,87617,72.86%,25.49
64113,87617,73.17%,24.36
64137,87617,73.20%,25.26
64021,87617,73.07%,24.09
63949,87617,72.99%,23.95
64050,87617,73.10%,24.56
64037,87617,73.09%,26
64053,87617,73.11%,25.72
64087,87617,73.14%,24.5
63949,87617,72.99%,23.09
64123,87617,73.19%,25.82
63983,87617,73.03%,24.62
64176,87617,73.25%,26.7
63976,87617,73.02%,24.45
64109,87617,73.17%,24.56
64160,87617,73.23%,23.63
64007,87617,73.05%,22.12
63988,87617,73.03%,21.6
64058,87617,73.11%,21.21
64113,87617,73.17%,21.52
64177,87617,73.25%,24.4
63962,87617,73.00%,24.5
64135,87617,73.20%,24.66
64062,87617,73.12%,23.32
64184,87617,73.26%,22.38
64180,87617,73.25%,24.59
64592,87617,73.72%,22.31
64069,87617,73.12%,22.23
64061,87617,73.11%,23.41
64124,87617,73.19%,24.09
64184,87617,73.26%,26.25
64087,87617,73.14%,22.05
64003,87617,73.05%,23.58
64127,87617,73.19%,24.31
64199,87617,73.27%,22.96
64228,87617,73.31%,21.46
64046,87617,73.10%,22.96
64226,87617,73.30%,23.38
64136,87617,73.20%,24.13
64248,87617,73.33%,23.55
64084,87617,73.14%,24.6
64160,87617,73.23%,23.48
64184,87617,73.26%,27.06
64155,87617,73.22%,23.3
64079,87617,73.14%,20.29
64163,87617,73.23%,19.64
64317,87617,73.41%,23.1
64234,87617,73.31%,24.83
64115,87617,73.18%,21.65
64158,87617,73.23%,24.88
64184,87617,73.26%,25.59
64189,87617,73.26%,24.15
64133,87617,73.20%,23.11
64254,87617,73.34%,23.29
64139,87617,73.20%,23.63
64116,87617,73.18%,24.61
64096,87617,73.15%,21.24
64285,87617,73.37%,23.02
64320,87617,73.41%,26.39
64370,87617,73.47%,21.8
64242,87617,73.32%,24.72
64407,87617,73.51%,24.27
64165,87617,73.23%,23.43
64522,87617,73.64%,25.2
64324,87617,73.41%,24.76
64315,87617,73.40%,24.89
64440,87617,73.55%,25.24
64327,87617,73.42%,25.4
64241,87617,73.32%,21.32
64849,87617,74.01%,21.64
64356,87617,73.45%,23.39
64413,87617,73.52%,26.18
64304,87617,73.39%,23.13
64381,87617,73.48%,22.98
64546,87617,73.67%,25.19
64214,87617,73.29%,24.7
64308,87617,73.40%,24.47
64319,87617,73.41%,22.09
64421,87617,73.53%,25.64
64403,87617,73.51%,26.87
64245,87617,73.32%,22.67
64305,87617,73.39%,23.27
64576,87617,73.70%,24.85
64499,87617,73.61%,22.84
64392,87617,73.49%,24.15
63584,87617,72.57%,23.08
63701,87617,72.70%,23.1
63611,87617,72.60%,24.67
63700,87617,72.70%,25.48
63799,87617,72.82%,25.82
63682,87617,72.68%,24.54
63865,87617,72.89%,25.76
63778,87617,72.79%,26.1
61459,87617,70.15%,61.84
6524,87617,7.45%,7.63
6535,87617,7.46%,7.57
6550,87617,7.48%,7.25
