17:24:36
2146,104753,2.05%,7.74
6017,104753,5.74%,6.38
5275,104753,5.04%,94.28
5298,104753,5.06%,98.25
5259,104753,5.02%,92.75
5235,104753,5.00%,85.97
5239,104753,5.00%,81.87
5205,104753,4.97%,42.66
5121,104753,4.89%,21.09
5115,104753,4.88%,20.74
5125,104753,4.89%,19.77
5122,104753,4.89%,19.3
5106,104753,4.87%,13.87
6012,104753,5.74%,6.44
6443,104753,6.15%,6.37
6588,104753,6.29%,27.45
6520,104753,6.22%,59.12
6662,104753,6.36%,48.87
7398,104753,7.06%,38.94
9178,104753,8.76%,31.88
9704,104753,9.26%,32.53
11670,104753,11.14%,29.1
12158,104753,11.61%,31
13047,104753,12.46%,31.07
13861,104753,13.23%,31.91
14357,104753,13.71%,27.57
19065,104753,18.20%,23.17
20082,104753,19.17%,31.48
20325,104753,19.40%,33.52
20662,104753,19.72%,33.62
21062,104753,20.11%,34.14
21385,104753,20.41%,38.05
21655,104753,20.67%,31.9
21980,104753,20.98%,32.58
22240,104753,21.23%,33.12
22290,104753,21.28%,36.46
23247,104753,22.19%,29.82
26885,104753,25.67%,25.11
29595,104753,28.25%,34.63
30104,104753,28.74%,32.04
30480,104753,29.10%,37.2
31074,104753,29.66%,32.15
31419,104753,29.99%,33.52
31944,104753,30.49%,35.46
32360,104753,30.89%,21.75
32514,104753,31.04%,30.06
32767,104753,31.28%,34.59
33261,104753,31.75%,31.56
33845,104753,32.31%,30.85
34230,104753,32.68%,30.8
34538,104753,32.97%,32.1
35185,104753,33.59%,37.29
35908,104753,34.28%,36.52
36243,104753,34.60%,31.69
36792,104753,35.12%,33.16
37324,104753,35.63%,32.12
37807,104753,36.09%,38.09
38064,104753,36.34%,33.5
38598,104753,36.85%,32.68
40781,104753,38.93%,28.97
43535,104753,41.56%,29.78
46415,104753,44.31%,33.04
47416,104753,45.26%,32.02
47938,104753,45.76%,35.69
48348,104753,46.15%,33.73
48917,104753,46.70%,32.73
49467,104753,47.22%,34.5
49945,104753,47.68%,28.37
49959,104753,47.69%,34.71
50437,104753,48.15%,34.39
50681,104753,48.38%,34.63
51042,104753,48.73%,36.59
51262,104753,48.94%,35.41
51470,104753,49.13%,28.57
51432,104753,49.10%,36.15
51592,104753,49.25%,36.9
51843,104753,49.49%,34.89
51808,104753,49.46%,32.34
51785,104753,49.44%,35.67
52132,104753,49.77%,33.27
51934,104753,49.58%,43.83
51919,104753,49.56%,30.07
52012,104753,49.65%,35.55
52143,104753,49.78%,32.38
52233,104753,49.86%,27.21
52065,104753,49.70%,30.64
52328,104753,49.95%,33.27
52277,104753,49.91%,41.86
52237,104753,49.87%,32.28
52304,104753,49.93%,32.43
52358,104753,49.98%,33.19
52264,104753,49.89%,33.69
52069,104753,49.71%,31.3
52280,104753,49.91%,28.01
52452,104753,50.07%,34.4
52504,104753,50.12%,27.88
52581,104753,50.20%,41.62
52764,104753,50.37%,36.27
52639,104753,50.25%,28.97
52753,104753,50.36%,35.47
52732,104753,50.34%,26.78
53044,104753,50.64%,25.44
52843,104753,50.45%,33.61
52747,104753,50.35%,33.04
52784,104753,50.39%,30.26
52810,104753,50.41%,32.82
52693,104753,50.30%,37.63
52720,104753,50.33%,35.51
52710,104753,50.32%,30.06
52646,104753,50.26%,32.01
52700,104753,50.31%,30.45
52462,104753,50.08%,35.29
52640,104753,50.25%,29.74
52669,104753,50.28%,26.9
52716,104753,50.32%,29.99
52607,104753,50.22%,33.21
52585,104753,50.20%,32.45
52564,104753,50.18%,33.14
52851,104753,50.45%,30.88
52731,104753,50.34%,29.58
52600,104753,50.21%,29.94
52761,104753,50.37%,31.41
52754,104753,50.36%,29.88
52845,104753,50.45%,40.03
52581,104753,50.20%,30.55
52821,104753,50.42%,37.98
52661,104753,50.27%,30.06
52717,104753,50.33%,26.91
52790,104753,50.39%,31.95
52816,104753,50.42%,27.76
53199,104753,50.79%,32.05
52884,104753,50.48%,33.25
53216,104753,50.80%,28.51
53045,104753,50.64%,27.12
53086,104753,50.68%,26.94
53015,104753,50.61%,28.36
53221,104753,50.81%,39.44
53161,104753,50.75%,31.62
53202,104753,50.79%,30.42
53214,104753,50.80%,34.35
53412,104753,50.99%,27.98
53102,104753,50.69%,24.12
53092,104753,50.68%,32.6
53216,104753,50.80%,31.67
53201,104753,50.79%,31.46
53432,104753,51.01%,31.08
53134,104753,50.72%,32.96
53090,104753,50.68%,33.63
53354,104753,50.93%,31.54
53368,104753,50.95%,39.73
53310,104753,50.89%,31.53
53275,104753,50.86%,24.89
53244,104753,50.83%,34.62
53296,104753,50.88%,33.4
53153,104753,50.74%,33.19
53278,104753,50.86%,35
53137,104753,50.73%,33.97
53347,104753,50.93%,35
53121,104753,50.71%,28.27
53201,104753,50.79%,34.11
53235,104753,50.82%,33.23
53429,104753,51.00%,33.9
53420,104753,51.00%,34.35
53578,104753,51.15%,24.94
53373,104753,50.95%,30.91
53329,104753,50.91%,33.23
53344,104753,50.92%,35.39
53440,104753,51.02%,32.9
53538,104753,51.11%,23.63
53559,104753,51.13%,34.82
53424,104753,51.00%,32.01
53384,104753,50.96%,32.53
53390,104753,50.97%,34.87
53425,104753,51.00%,26.21
53378,104753,50.96%,28.31
53391,104753,50.97%,32.87
53563,104753,51.13%,30.93
53549,104753,51.12%,27.85
53393,104753,50.97%,26.33
53464,104753,51.04%,33.63
53474,104753,51.05%,29.43
53465,104753,51.04%,29.29
53618,104753,51.19%,29.65
53534,104753,51.10%,21.61
53742,104753,51.30%,28.83
53584,104753,51.15%,32.55
53679,104753,51.24%,31.08
53730,104753,51.29%,31.23
53567,104753,51.14%,23.34
53684,104753,51.25%,35.71
53594,104753,51.16%,31.28
53663,104753,51.23%,28.64
53532,104753,51.10%,34.2
53530,104753,51.10%,27.45
53672,104753,51.24%,38.39
53550,104753,51.12%,32.84
53572,104753,51.14%,35.14
53576,104753,51.15%,34.56
53582,104753,51.15%,23.65
53498,104753,51.07%,28.99
53583,104753,51.15%,27.38
53648,104753,51.21%,34.15
53656,104753,51.22%,23.08
53823,104753,51.38%,32.16
53707,104753,51.27%,28.69
53783,104753,51.34%,33.98
53655,104753,51.22%,28.49
53604,104753,51.17%,21.84
53607,104753,51.17%,31.34
53548,104753,51.12%,29.17
53637,104753,51.20%,28.67
53500,104753,51.07%,25.42
53573,104753,51.14%,26.4
53587,104753,51.16%,27.96
53368,104753,50.95%,29.15
53534,104753,51.10%,33.35
53644,104753,51.21%,31.89
53587,104753,51.16%,30.53
53592,104753,51.16%,28.65
53760,104753,51.32%,34.24
53715,104753,51.28%,29.93
53436,104753,51.01%,31.29
53496,104753,51.07%,31.72
53415,104753,50.99%,31.76
53265,104753,50.85%,25.2
53458,104753,51.03%,28.27
53501,104753,51.07%,30.81
53398,104753,50.98%,32.56
53540,104753,51.11%,31.78
53398,104753,50.98%,31.42
53485,104753,51.06%,33.42
53466,104753,51.04%,32.23
53386,104753,50.96%,30.71
53677,104753,51.24%,31.38
53491,104753,51.06%,31.13
53388,104753,50.97%,27.1
53475,104753,51.05%,25.71
53503,104753,51.08%,28.81
53667,104753,51.23%,31.11
53480,104753,51.05%,31
53568,104753,51.14%,31.04
53551,104753,51.12%,31.6
53594,104753,51.16%,33.54
53498,104753,51.07%,30.77
53655,104753,51.22%,33.82
53505,104753,51.08%,32.02
53581,104753,51.15%,27.54
53613,104753,51.18%,26.33
53630,104753,51.20%,29.61
53516,104753,51.09%,29.9
53632,104753,51.20%,29.73
53520,104753,51.09%,29.34
53755,104753,51.32%,31.65
53643,104753,51.21%,26.04
53581,104753,51.15%,29.44
53517,104753,51.09%,24.97
53684,104753,51.25%,25.03
54068,104753,51.61%,26.44
53862,104753,51.42%,23.79
53886,104753,51.44%,29.28
53867,104753,51.42%,27.66
53948,104753,51.50%,28.31
53746,104753,51.31%,27.23
53924,104753,51.48%,32.52
53724,104753,51.29%,31.12
53860,104753,51.42%,29.63
53884,104753,51.44%,31.62
53941,104753,51.49%,29.05
53939,104753,51.49%,32.14
53885,104753,51.44%,25.27
53820,104753,51.38%,31.66
53985,104753,51.54%,27.51
53982,104753,51.53%,31.08
54040,104753,51.59%,27.72
54233,104753,51.77%,31.17
53940,104753,51.49%,32.26
53995,104753,51.55%,30.19
54348,104753,51.88%,28.17
54192,104753,51.73%,27.29
54191,104753,51.73%,31.03
54087,104753,51.63%,30.86
54069,104753,51.62%,28.8
54248,104753,51.79%,29.57
54238,104753,51.78%,28.1
54056,104753,51.60%,27.73
54098,104753,51.64%,27.79
54147,104753,51.69%,26.04
54151,104753,51.69%,21.04
54427,104753,51.96%,30.29
54262,104753,51.80%,27.56
54349,104753,51.88%,32.1
54270,104753,51.81%,31.61
54167,104753,51.71%,31.36
54376,104753,51.91%,28.92
54340,104753,51.87%,28.96
54298,104753,51.83%,29.74
54386,104753,51.92%,31.12
54394,104753,51.93%,27.98
54359,104753,51.89%,30.42
54349,104753,51.88%,32.92
54222,104753,51.76%,32.05
54298,104753,51.83%,29.21
54298,104753,51.83%,30.98
54294,104753,51.83%,27.51
54332,104753,51.87%,31.74
54456,104753,51.99%,33.23
54443,104753,51.97%,29.92
54380,104753,51.91%,26.18
54389,104753,51.92%,29.46
54311,104753,51.85%,20.5
54284,104753,51.82%,29.25
54358,104753,51.89%,30.81
54431,104753,51.96%,27.23
54554,104753,52.08%,29.61
54385,104753,51.92%,24.59
54290,104753,51.83%,27.74
54440,104753,51.97%,26.32
54370,104753,51.90%,28.03
54335,104753,51.87%,27.55
54339,104753,51.87%,23.44
54423,104753,51.95%,26.08
54239,104753,51.78%,28.13
54475,104753,52.00%,27.98
54578,104753,52.10%,25.17
54550,104753,52.07%,26.84
54430,104753,51.96%,26.1
54775,104753,52.29%,30.76
54686,104753,52.20%,28.9
54447,104753,51.98%,31.64
54613,104753,52.14%,25.54
54487,104753,52.01%,28.49
54437,104753,51.97%,33.5
54647,104753,52.17%,28.71
54583,104753,52.11%,26.22
54639,104753,52.16%,27.04
54552,104753,52.08%,31.73
54507,104753,52.03%,22.95
54383,104753,51.92%,25.87
54555,104753,52.08%,24.81
54519,104753,52.05%,25.9
54531,104753,52.06%,24.16
54565,104753,52.09%,28.97
54501,104753,52.03%,27.04
54416,104753,51.95%,29.26
54593,104753,52.12%,29.32
54609,104753,52.13%,26.76
54649,104753,52.17%,29.5
54544,104753,52.07%,26.11
54727,104753,52.24%,25
54632,104753,52.15%,26.67
54358,104753,51.89%,23.84
54626,104753,52.15%,22.57
54736,104753,52.25%,25.73
54614,104753,52.14%,26.9
54681,104753,52.20%,23.97
54802,104753,52.32%,29.89
54594,104753,52.12%,28.8
54627,104753,52.15%,28.86
54568,104753,52.09%,28.22
54583,104753,52.11%,29.14
54807,104753,52.32%,21.87
54692,104753,52.21%,30.17
54602,104753,52.12%,30.14
54830,104753,52.34%,26.21
54640,104753,52.16%,28.21
54593,104753,52.12%,20.46
54710,104753,52.23%,28.59
54557,104753,52.08%,25.47
54630,104753,52.15%,24.51
54594,104753,52.12%,27.05
54690,104753,52.21%,28.45
54660,104753,52.18%,27.57
54661,104753,52.18%,25.84
54610,104753,52.13%,25.75
54688,104753,52.21%,27.47
54806,104753,52.32%,26.9
54709,104753,52.23%,28.83
54543,104753,52.07%,19.35
54651,104753,52.17%,23.95
54965,104753,52.47%,26.15
55012,104753,52.52%,28.46
54789,104753,52.30%,27.98
54968,104753,52.47%,28.33
54881,104753,52.39%,27.07
54366,104753,51.90%,27.32
54087,104753,51.63%,29.83
54184,104753,51.73%,28.34
54260,104753,51.80%,28.62
54355,104753,51.89%,30.47
54465,104753,51.99%,30.23
54485,104753,52.01%,31.69
54582,104753,52.11%,29.15
54469,104753,52.00%,28.03
54555,104753,52.08%,24.73
55001,104753,52.51%,28.06
55012,104753,52.52%,29.81
55010,104753,52.51%,24.92
54935,104753,52.44%,28.23
54142,104753,51.69%,25.18
54509,104753,52.04%,27.19
54339,104753,51.87%,28.57
54319,104753,51.85%,28.7
54298,104753,51.83%,29.04
54247,104753,51.79%,33.31
54299,104753,51.84%,28.3
54322,104753,51.86%,24.78
54481,104753,52.01%,26.79
54310,104753,51.85%,26.17
54150,104753,51.69%,24.47
54267,104753,51.80%,22.97
54567,104753,52.09%,22.64
54982,104753,52.49%,25.85
54766,104753,52.28%,28.74
54860,104753,52.37%,25.38
54973,104753,52.48%,25.85
54850,104753,52.36%,27.94
54739,104753,52.26%,20.48
54397,104753,51.93%,27.77
54793,104753,52.31%,26.21
54784,104753,52.30%,28.21
54609,104753,52.13%,27.22
54614,104753,52.14%,29.85
54774,104753,52.29%,28
54650,104753,52.17%,29.68
54560,104753,52.08%,25.5
54855,104753,52.37%,27.73
54628,104753,52.15%,30.52
54742,104753,52.26%,32.61
54583,104753,52.11%,33.44
54802,104753,52.32%,28.15
54778,104753,52.29%,27.69
54926,104753,52.43%,25.91
54743,104753,52.26%,28.22
54595,104753,52.12%,27.95
54753,104753,52.27%,24.42
54600,104753,52.12%,25.63
54690,104753,52.21%,29.66
55293,104753,52.78%,28.06
54784,104753,52.30%,27.88
55018,104753,52.52%,34.43
54877,104753,52.39%,27.67
55144,104753,52.64%,31.65
55109,104753,52.61%,26.91
55295,104753,52.79%,27.25
54843,104753,52.35%,32.18
54754,104753,52.27%,28.39
55054,104753,52.56%,30.24
54709,104753,52.23%,30.79
54903,104753,52.41%,29.7
54964,104753,52.47%,28.39
54826,104753,52.34%,31.41
55082,104753,52.58%,31.13
54829,104753,52.34%,30.13
54726,104753,52.24%,36.49
54835,104753,52.35%,33.73
55109,104753,52.61%,33.12
54932,104753,52.44%,33.46
55062,104753,52.56%,31.62
55157,104753,52.65%,32.06
55025,104753,52.53%,28.09
54737,104753,52.25%,24.61
54820,104753,52.33%,24.86
54860,104753,52.37%,21.24
58423,104753,55.77%,26.39
62009,104753,59.20%,28.14
65476,104753,62.51%,31.64
66986,104753,63.95%,25.61
67865,104753,64.79%,23.92
68840,104753,65.72%,27.47
69792,104753,66.63%,27.91
71085,104753,67.86%,29.57
72049,104753,68.78%,31.43
72158,104753,68.88%,24.84
72924,104753,69.62%,31.78
73311,104753,69.98%,32.89
73941,104753,70.59%,28.66
74391,104753,71.02%,31.89
74617,104753,71.23%,24.49
75257,104753,71.84%,26.61
75528,104753,72.10%,34.14
75540,104753,72.11%,39.02
76048,104753,72.60%,39.08
76334,104753,72.87%,31.77
76355,104753,72.89%,32.6
76568,104753,73.09%,30.62
76696,104753,73.22%,33.35
76746,104753,73.26%,24.01
76878,104753,73.39%,28.06
76883,104753,73.39%,28.83
77020,104753,73.53%,33.18
77120,104753,73.62%,33.63
77325,104753,73.82%,30.22
76966,104753,73.47%,31.63
77186,104753,73.68%,31.1
77139,104753,73.64%,27.39
76975,104753,73.48%,25.74
76906,104753,73.42%,29.92
77261,104753,73.76%,36.61
77233,104753,73.73%,25.44
77006,104753,73.51%,35.96
77097,104753,73.60%,28.47
77279,104753,73.77%,21.12
76799,104753,73.31%,30.19
77459,104753,73.94%,27.78
77462,104753,73.95%,22.56
77598,104753,74.08%,25.03
77724,104753,74.20%,29.46
77481,104753,73.97%,35.37
77530,104753,74.01%,30.15
77800,104753,74.27%,29.37
77528,104753,74.01%,29.91
77736,104753,74.21%,29.28
77433,104753,73.92%,26.65
77565,104753,74.05%,26.38
77517,104753,74.00%,32.95
77677,104753,74.15%,27.01
77495,104753,73.98%,29.92
77616,104753,74.09%,34.62
77598,104753,74.08%,19.71
77731,104753,74.20%,28.72
77810,104753,74.28%,25.74
77904,104753,74.37%,27.61
77555,104753,74.04%,30.35
77496,104753,73.98%,28.17
77709,104753,74.18%,33.44
77679,104753,74.15%,27.26
77858,104753,74.33%,28.97
77739,104753,74.21%,32.81
77865,104753,74.33%,24.52
77685,104753,74.16%,32.38
78145,104753,74.60%,29.33
77821,104753,74.29%,24.38
77606,104753,74.08%,31.72
77731,104753,74.20%,26.94
77861,104753,74.33%,29.65
77728,104753,74.20%,26.27
77797,104753,74.27%,30.21
77837,104753,74.31%,27.67
77816,104753,74.29%,22.62
77837,104753,74.31%,25.62
77951,104753,74.41%,33.4
78065,104753,74.52%,25.31
78033,104753,74.49%,31.31
77891,104753,74.36%,24.06
78235,104753,74.69%,27.38
78325,104753,74.77%,29.87
78068,104753,74.53%,33.04
78126,104753,74.58%,28.8
77843,104753,74.31%,28.72
78144,104753,74.60%,25.49
78188,104753,74.64%,31.22
78102,104753,74.56%,24.59
78062,104753,74.52%,32.48
77952,104753,74.42%,26.54
77970,104753,74.43%,29.48
78162,104753,74.62%,32.81
78033,104753,74.49%,28.58
78309,104753,74.76%,34.85
78199,104753,74.65%,33.23
78127,104753,74.58%,28.16
77957,104753,74.42%,30.71
78297,104753,74.74%,28.81
78456,104753,74.90%,27.81
77966,104753,74.43%,25.62
78252,104753,74.70%,25.06
78365,104753,74.81%,29.02
78345,104753,74.79%,30.52
78181,104753,74.63%,29.8
78138,104753,74.59%,34.31
78267,104753,74.72%,16.32
77943,104753,74.41%,28.2
78401,104753,74.84%,28.06
78160,104753,74.61%,29.69
78346,104753,74.79%,26.97
78452,104753,74.89%,19.5
78488,104753,74.93%,28.81
78368,104753,74.81%,28.97
78392,104753,74.84%,26.78
78525,104753,74.96%,27.36
78378,104753,74.82%,21.89
78247,104753,74.70%,27
78397,104753,74.84%,26.52
78195,104753,74.65%,28.94
78318,104753,74.76%,28.19
78462,104753,74.90%,29.62
78356,104753,74.80%,32.52
78435,104753,74.88%,24.53
78215,104753,74.67%,27.85
78204,104753,74.66%,27.95
78526,104753,74.96%,31.03
78352,104753,74.80%,26.84
78359,104753,74.80%,27.7
78495,104753,74.93%,30.41
78444,104753,74.88%,26.11
78435,104753,74.88%,24.92
78205,104753,74.66%,28.37
78130,104753,74.58%,25
78288,104753,74.74%,27.74
78435,104753,74.88%,25.21
78475,104753,74.91%,24.97
78656,104753,75.09%,28.31
78619,104753,75.05%,27.91
78558,104753,74.99%,22.73
78467,104753,74.91%,28.24
78474,104753,74.91%,28.62
78461,104753,74.90%,26.81
78507,104753,74.94%,26.21
78451,104753,74.89%,31.6
78455,104753,74.90%,29.21
78434,104753,74.88%,30.27
78517,104753,74.95%,25.95
78609,104753,75.04%,29.9
78598,104753,75.03%,27.39
78586,104753,75.02%,27.71
78410,104753,74.85%,24.49
78621,104753,75.05%,27
78586,104753,75.02%,30.09
78659,104753,75.09%,24.65
78574,104753,75.01%,26.7
78426,104753,74.87%,23.18
78394,104753,74.84%,26.69
78464,104753,74.90%,25.05
78763,104753,75.19%,27.89
78635,104753,75.07%,29.71
78951,104753,75.37%,26.78
78615,104753,75.05%,17.69
78360,104753,74.80%,25.99
78506,104753,74.94%,26.95
78585,104753,75.02%,24.14
78816,104753,75.24%,26.57
78726,104753,75.15%,20.94
78669,104753,75.10%,27
78569,104753,75.00%,28.78
78605,104753,75.04%,28.62
78635,104753,75.07%,23.84
78731,104753,75.16%,24.34
78656,104753,75.09%,24.69
78592,104753,75.03%,24.8
78438,104753,74.88%,27.38
78834,104753,75.26%,22.18
78728,104753,75.16%,25.25
78657,104753,75.09%,27.6
78650,104753,75.08%,24
78666,104753,75.10%,29.28
78658,104753,75.09%,22.26
78722,104753,75.15%,26.27
78599,104753,75.03%,22.78
78623,104753,75.06%,25.13
78761,104753,75.19%,26.31
78658,104753,75.09%,28.12
78824,104753,75.25%,28.3
78633,104753,75.07%,24.45
78713,104753,75.14%,26.49
78700,104753,75.13%,22.91
78602,104753,75.04%,23.77
78901,104753,75.32%,28.29
78892,104753,75.31%,24.75
78776,104753,75.20%,26.85
78987,104753,75.40%,27.4
78652,104753,75.08%,24.62
78654,104753,75.09%,26.21
78701,104753,75.13%,26.52
78873,104753,75.29%,26.89
78812,104753,75.24%,26.49
78741,104753,75.17%,22.96
78817,104753,75.24%,25.96
78700,104753,75.13%,21.83
78716,104753,75.14%,24.51
78756,104753,75.18%,21.25
78953,104753,75.37%,26.19
78750,104753,75.18%,25.16
78794,104753,75.22%,22.64
78824,104753,75.25%,25.5
78808,104753,75.23%,24.29
78835,104753,75.26%,25.42
78898,104753,75.32%,25.54
78681,104753,75.11%,18.05
78693,104753,75.12%,26.75
78995,104753,75.41%,27.36
78888,104753,75.31%,23.14
78951,104753,75.37%,21.35
78810,104753,75.23%,18.69
79060,104753,75.47%,22.94
78893,104753,75.31%,23.24
78738,104753,75.17%,22.46
78750,104753,75.18%,23.21
78889,104753,75.31%,24
78906,104753,75.33%,24.84
78864,104753,75.29%,28.08
78787,104753,75.21%,27.41
79022,104753,75.44%,25.48
78978,104753,75.39%,26.21
79138,104753,75.55%,28.9
78712,104753,75.14%,25.8
78737,104753,75.16%,24.78
79116,104753,75.53%,25.5
79041,104753,75.45%,22.97
79085,104753,75.50%,25.63
79020,104753,75.43%,25.41
78999,104753,75.41%,28.85
78928,104753,75.35%,24.92
79249,104753,75.65%,24.91
79149,104753,75.56%,25.06
79081,104753,75.49%,24.83
78966,104753,75.38%,23.3
78987,104753,75.40%,25.06
79098,104753,75.51%,24.87
78946,104753,75.36%,24.05
79205,104753,75.61%,22.6
79020,104753,75.43%,22.83
79046,104753,75.46%,25.11
79136,104753,75.55%,24.06
78893,104753,75.31%,24.51
79150,104753,75.56%,23.27
79183,104753,75.59%,28.16
78894,104753,75.31%,24.23
78948,104753,75.37%,23.77
79168,104753,75.58%,26.83
79001,104753,75.42%,22.57
79205,104753,75.61%,26.79
79027,104753,75.44%,20.84
7489,104753,7.15%,9.62
7471,104753,7.13%,6.76
7468,104753,7.13%,6.94
7498,104753,7.16%,7.62
7515,104753,7.17%,6.94
7554,104753,7.21%,7.26
7560,104753,7.22%,6.64
7560,104753,7.22%,6.63
7562,104753,7.22%,6.44
7595,104753,7.25%,6.88
7592,104753,7.25%,6.57
7431,104753,7.09%,6.44
7438,104753,7.10%,6.62
7441,104753,7.10%,6.68
7463,104753,7.12%,6.56
7435,104753,7.10%,6.55
7463,104753,7.12%,6.38
7435,104753,7.10%,6.62
7431,104753,7.09%,6.5
7436,104753,7.10%,6.5
7442,104753,7.10%,6.68
7494,104753,7.15%,6.62
7445,104753,7.11%,6.44
7410,104753,7.07%,6.5
7446,104753,7.11%,6.55
7477,104753,7.14%,6.68
7443,104753,7.11%,6.45
7409,104753,7.07%,6.5
7412,104753,7.08%,6.51
7443,104753,7.11%,6.5
7406,104753,7.07%,6.52
7390,104753,7.05%,6.63
7473,104753,7.13%,6.62
7353,104753,7.02%,6.69
7443,104753,7.11%,6.56
7360,104753,7.03%,6.74
7333,104753,7.00%,6.74
7395,104753,7.06%,6.51
7311,104753,6.98%,6.56
7398,104753,7.06%,6.39
7327,104753,6.99%,6.68
7321,104753,6.99%,6.63
7421,104753,7.08%,6.62
7302,104753,6.97%,6.62
7427,104753,7.09%,6.44
7332,104753,7.00%,6.62
7427,104753,7.09%,6.81
7345,104753,7.01%,6.62
7293,104753,6.96%,6.62
7410,104753,7.07%,6.74
7309,104753,6.98%,6.69
7273,104753,6.94%,6.57
7363,104753,7.03%,6.81
7335,104753,7.00%,6.76
7285,104753,6.95%,6.75
7239,104753,6.91%,6.69
7319,104753,6.99%,6.88
7260,104753,6.93%,6.94
7281,104753,6.95%,6.68
7300,104753,6.97%,6.88
7280,104753,6.95%,7.3
7308,104753,6.98%,6.87
7303,104753,6.97%,6.69
7323,104753,6.99%,6.62
7283,104753,6.95%,6.57
7327,104753,6.99%,6.63
7325,104753,6.99%,6.63
7247,104753,6.92%,7.11
7288,104753,6.96%,7.05
7298,104753,6.97%,6.83
7333,104753,7.00%,6.88
7271,104753,6.94%,6.8
7364,104753,7.03%,6.75
7313,104753,6.98%,6.75
7263,104753,6.93%,6.92
7395,104753,7.06%,7.07
7308,104753,6.98%,6.7
7283,104753,6.95%,6.75
7289,104753,6.96%,6.57
7302,104753,6.97%,6.76
7331,104753,7.00%,6.45
7331,104753,7.00%,6.63
7319,104753,6.99%,6.69
7340,104753,7.01%,6.81
7234,104753,6.91%,7.05
7241,104753,6.91%,6.62
7239,104753,6.91%,6.75
7235,104753,6.91%,6.63
7270,104753,6.94%,6.93
7204,104753,6.88%,6.88
7245,104753,6.92%,6.81
7230,104753,6.90%,6.75
7252,104753,6.92%,6.75
7264,104753,6.93%,6.81
7355,104753,7.02%,6.75
7332,104753,7.00%,6.81
7281,104753,6.95%,7
7317,104753,6.99%,6.93
7257,104753,6.93%,6.87
7204,104753,6.88%,6.76
7260,104753,6.93%,7.08
7237,104753,6.91%,6.57
7246,104753,6.92%,6.88
7309,104753,6.98%,6.75
7245,104753,6.92%,6.82
7246,104753,6.92%,6.93
7212,104753,6.88%,7.25
7253,104753,6.92%,6.82
7323,104753,6.99%,7.05
7245,104753,6.92%,6.93
7322,104753,6.99%,6.88
7218,104753,6.89%,6.88
7259,104753,6.93%,7.01
7195,104753,6.87%,6.9
7224,104753,6.90%,6.99
7223,104753,6.90%,6.95
7251,104753,6.92%,7.14
7212,104753,6.88%,7.06
7207,104753,6.88%,6.88
3758,104753,3.59%,25.09
2133,104753,2.04%,12.62
497,104753,0.47%,0.31
496,104753,0.47%,0
496,104753,0.47%,0
496,104753,0.47%,0.06
498,104753,0.48%,0
498,104753,0.48%,0
498,104753,0.48%,0.06
498,104753,0.48%,0.06
498,104753,0.48%,0
497,104753,0.47%,0.06
497,104753,0.47%,0.12
497,104753,0.47%,0
497,104753,0.47%,0
497,104753,0.47%,0
497,104753,0.47%,0
496,104753,0.47%,0
496,104753,0.47%,0
496,104753,0.47%,0
496,104753,0.47%,0.12
497,104753,0.47%,0.06
496,104753,0.47%,0
496,104753,0.47%,0.06
497,104753,0.47%,0
497,104753,0.47%,0.06
497,104753,0.47%,0
497,104753,0.47%,0
496,104753,0.47%,0.12
497,104753,0.47%,0.06
497,104753,0.47%,0
496,104753,0.47%,0
497,104753,0.47%,0
497,104753,0.47%,0
496,104753,0.47%,0
496,104753,0.47%,0
496,104753,0.47%,0
496,104753,0.47%,0.06
495,104753,0.47%,0.12
495,104753,0.47%,0
496,104753,0.47%,0.06
495,104753,0.47%,0
495,104753,0.47%,0.06
495,104753,0.47%,0.06
495,104753,0.47%,0.06
496,104753,0.47%,0.06
495,104753,0.47%,0
496,104753,0.47%,0.06
496,104753,0.47%,0
495,104753,0.47%,0.06
496,104753,0.47%,0.06
496,104753,0.47%,0
495,104753,0.47%,0
496,104753,0.47%,0.06
495,104753,0.47%,0
495,104753,0.47%,0.06
495,104753,0.47%,0.06
495,104753,0.47%,0
495,104753,0.47%,0.06
495,104753,0.47%,0
495,104753,0.47%,0
494,104753,0.47%,0
494,104753,0.47%,0.06
495,104753,0.47%,0.19
495,104753,0.47%,0.06
495,104753,0.47%,0
494,104753,0.47%,0.06
495,104753,0.47%,0.06
495,104753,0.47%,0.19
495,104753,0.47%,0
495,104753,0.47%,0
494,104753,0.47%,0.06
493,104753,0.47%,0.06
493,104753,0.47%,0.06
494,104753,0.47%,0.06
495,104753,0.47%,0
494,104753,0.47%,0
494,104753,0.47%,0
494,104753,0.47%,0.06
494,104753,0.47%,0.06
494,104753,0.47%,0
494,104753,0.47%,0
494,104753,0.47%,0
493,104753,0.47%,0
493,104753,0.47%,0.12
494,104753,0.47%,0
494,104753,0.47%,0
494,104753,0.47%,0
494,104753,0.47%,0
494,104753,0.47%,0.06
494,104753,0.47%,0.12
493,104753,0.47%,0
493,104753,0.47%,0
494,104753,0.47%,0
494,104753,0.47%,0.12
493,104753,0.47%,0.06
493,104753,0.47%,0.06
493,104753,0.47%,0
493,104753,0.47%,0.06
493,104753,0.47%,0.06
492,104753,0.47%,0.06
491,104753,0.47%,0
492,104753,0.47%,0.06
493,104753,0.47%,0
493,104753,0.47%,0
492,104753,0.47%,0.06
492,104753,0.47%,0
492,104753,0.47%,0
492,104753,0.47%,0.06
492,104753,0.47%,0.06
493,104753,0.47%,0
493,104753,0.47%,0
493,104753,0.47%,0
492,104753,0.47%,0
492,104753,0.47%,0
492,104753,0.47%,0
492,104753,0.47%,0.06
492,104753,0.47%,0
492,104753,0.47%,0
491,104753,0.47%,0
491,104753,0.47%,0
491,104753,0.47%,0
492,104753,0.47%,0.06
491,104753,0.47%,0.06
491,104753,0.47%,0
491,104753,0.47%,0
491,104753,0.47%,0
492,104753,0.47%,0.06
492,104753,0.47%,0.06
490,104753,0.47%,0
491,104753,0.47%,0.06
491,104753,0.47%,0
491,104753,0.47%,0.12
